   ------------------------------------------------------------------
  | Welcome to ROOT 6.36.04                        https://root.cern |
  | (c) 1995-2025, The ROOT Team; conception: R. Brun, F. Rademakers |
  | Built for linuxx8664gcc on Mar 06 2026, 05:46:58                 |
  | From tags/v6-36-04-alice9@v6-36-04-alice9                        |
  | With c++ (GCC) 14.2.0                                            |
  | Try '.help'/'.?', '.demo', '.license', '.credits', '.quit'/'.q'  |
   ------------------------------------------------------------------


Processing calculate_PID_rho.cpp...
3001dq.size
134result.size
0.6
0.606
0.612
0.618
0.624
0.63
0.636
0.64
0.641
0.642
0.643
0.644
0.645
0.646
0.647
0.648
0.649
0.65
0.651
0.652
0.653
0.654
0.655
0.656
0.657
0.658
0.659
0.66
0.661
0.662
0.663
0.664
0.665
0.666
0.667
0.668
0.669
0.67
0.671
0.672
0.673
0.674
0.675
0.676
0.677
0.678
0.679
0.68
0.681
0.682
0.683
0.684
0.685
0.686
0.687
0.688
0.689
0.69
0.691
0.692
0.693
0.694
0.695
0.696
0.697
0.698
0.699
0.7
0.701
0.702
0.703
0.704
0.705
0.706
0.707
0.708
0.709
0.71
0.711
0.712
0.713
0.714
0.715
0.716
0.717
0.718
0.719
0.72
0.721
0.722
0.723
0.724
0.725
0.726
0.727
0.728
0.729
0.73
0.731
0.732
0.733
0.734
0.735
0.736
0.737
0.738
0.739
0.74
0.741
0.742
0.743
0.744
0.745
0.746
0.747
0.748
0.749
0.75
0.751
0.752
0.753
0.754
0.755
0.756
0.757
0.758
0.759
0.76
0.766
0.772
0.778
0.784
0.79
0.796
hPionMeanptWeightPidflow
-0.000396975 cov
-1.49601e-06 cov
-nan cov
-1.99312e-05 cov
3.05528e-06 cov
-nan cov
2.20828e-05 cov
0.000218839 cov
7.22499e-06 cov
-nan cov
-0.000224565 cov
1111111111111111111111============================
